[gd_scene load_steps=20 format=2]

[ext_resource path="res://HUD/HUD.tscn" type="PackedScene" id=1]
[ext_resource path="res://DebugGeometry.gd" type="Script" id=2]
[ext_resource path="res://Level.gd" type="Script" id=3]
[ext_resource path="res://CheckerShader.tres" type="Shader" id=4]
[ext_resource path="res://RadioController.gd" type="Script" id=5]
[ext_resource path="res://dev_prototype_drone.tscn" type="PackedScene" id=6]
[ext_resource path="res://Gate.tscn" type="PackedScene" id=7]
[ext_resource path="res://FlyaroundCamera.tscn" type="PackedScene" id=8]
[ext_resource path="res://FollowCamera.tscn" type="PackedScene" id=9]

[sub_resource type="BoxShape" id=1]
extents = Vector3( 100, 0.5, 100 )

[sub_resource type="ShaderMaterial" id=2]
shader = ExtResource( 4 )
shader_param/CellsX = 300.0
shader_param/CellsY = 200.0
shader_param/Color1 = Color( 0.784314, 0.784314, 0.784314, 1 )
shader_param/Color2 = Color( 0.392157, 0.392157, 0.392157, 1 )

[sub_resource type="CubeMesh" id=3]
material = SubResource( 2 )
size = Vector3( 200, 1, 200 )

[sub_resource type="BoxShape" id=4]
extents = Vector3( 1, 2.5, 1 )

[sub_resource type="CubeMesh" id=5]
size = Vector3( 2, 5, 2 )

[sub_resource type="BoxShape" id=6]
extents = Vector3( 1, 5, 1 )

[sub_resource type="CubeMesh" id=7]
size = Vector3( 2, 10, 2 )

[sub_resource type="BoxShape" id=8]
extents = Vector3( 2.5, 0.5, 2.5 )

[sub_resource type="ShaderMaterial" id=9]
shader = ExtResource( 4 )
shader_param/CellsX = 4.0
shader_param/CellsY = 4.0
shader_param/Color1 = Color( 0.784314, 0.784314, 0.784314, 1 )
shader_param/Color2 = Color( 0.392157, 0.392157, 0.392157, 1 )

[sub_resource type="CubeMesh" id=10]
material = SubResource( 9 )
size = Vector3( 5, 1, 5 )

[node name="Level" type="Spatial"]
pause_mode = 2
script = ExtResource( 3 )

[node name="DirectionalLight" type="DirectionalLight" parent="."]
transform = Transform( 0.860577, 0.207325, -0.465214, 0.509321, -0.350308, 0.786052, 0, -0.913401, -0.407062, 0, 20, 0 )
shadow_enabled = true
shadow_bias = 0.0
shadow_contact = 0.1
directional_shadow_blend_splits = true
directional_shadow_normal_bias = 0.2

[node name="CameraFixed" type="Camera" parent="."]
transform = Transform( 1, 0, 0, 0, 0.939693, 0.34202, 0, -0.34202, 0.939693, 0, 8, 20 )
near = 0.1
far = 1000.0

[node name="FollowCamera" parent="." instance=ExtResource( 9 )]
transform = Transform( 1, 0, 0, 0, 1, 0, 0, 0, 1, 0, 0.5, 2 )
near = 0.1
far = 1000.0
target = NodePath("../Drone")
target_offset = Vector3( 0, 0.5, 0 )
camera_offset = Vector3( 0, 0.5, 2 )
speed = 2.0

[node name="FlyaroundCamera" parent="." instance=ExtResource( 8 )]
pause_mode = 2
transform = Transform( 1, 0, 0, 0, 1, 0, 0, 0, 1, 0, 2, 5 )
speed = 10
look_around_speed = 5

[node name="Drone" parent="." instance=ExtResource( 6 )]
pause_mode = 1
transform = Transform( 1, 0, 0, 0, 1, 0, 0, 0, 1, 0, 0.15, 0 )

[node name="CameraFPV" type="Camera" parent="Drone"]
transform = Transform( 1, 0, 0, 0, 0.866025, -0.5, 0, 0.5, 0.866025, 0, 0, -0.2 )
near = 0.1
far = 1000.0

[node name="Objects" type="Spatial" parent="."]

[node name="Ground" type="StaticBody" parent="Objects"]

[node name="CollisionShape" type="CollisionShape" parent="Objects/Ground"]
transform = Transform( 1, 0, 0, 0, 1, 0, 0, 0, 1, 0, -0.5, 0 )
shape = SubResource( 1 )

[node name="MeshInstance" type="MeshInstance" parent="Objects/Ground"]
transform = Transform( 1, 0, 0, 0, 1, 0, 0, 0, 1, 0, -0.5, 0 )
mesh = SubResource( 3 )
material/0 = null

[node name="Pillar" type="StaticBody" parent="Objects"]
transform = Transform( 1, 0, 0, 0, 1, 0, 0, 0, 1, 5, 0, -3 )

[node name="CollisionShape" type="CollisionShape" parent="Objects/Pillar"]
transform = Transform( 1, 0, 0, 0, 1, 0, 0, 0, 1, 0, 2.5, 0 )
shape = SubResource( 4 )

[node name="MeshInstance" type="MeshInstance" parent="Objects/Pillar"]
transform = Transform( 1, 0, 0, 0, 1, 0, 0, 0, 1, 0, 2.5, 0 )
mesh = SubResource( 5 )
material/0 = null

[node name="Pillar2" type="StaticBody" parent="Objects"]
transform = Transform( 1, 0, 0, 0, 1, 0, 0, 0, 1, -13, 0, 5 )

[node name="CollisionShape" type="CollisionShape" parent="Objects/Pillar2"]
transform = Transform( 1, 0, 0, 0, 1, 0, 0, 0, 1, 0, 5, 0 )
shape = SubResource( 6 )

[node name="MeshInstance" type="MeshInstance" parent="Objects/Pillar2"]
transform = Transform( 1, 0, 0, 0, 1, 0, 0, 0, 1, 0, 5, 0 )
mesh = SubResource( 7 )
material/0 = null

[node name="Pillar3" type="StaticBody" parent="Objects"]
transform = Transform( 1, 0, 0, 0, 1, 0, 0, 0, 1, 0, 0, 10 )

[node name="CollisionShape" type="CollisionShape" parent="Objects/Pillar3"]
transform = Transform( 1, 0, 0, 0, 1, 0, 0, 0, 1, 0, 0.5, 0 )
shape = SubResource( 8 )

[node name="MeshInstance" type="MeshInstance" parent="Objects/Pillar3"]
transform = Transform( 1, 0, 0, 0, 1, 0, 0, 0, 1, 0, 0.5, 0 )
mesh = SubResource( 10 )
material/0 = null

[node name="TorusTunnel" type="Spatial" parent="Objects"]

[node name="CSGTorus" type="CSGTorus" parent="Objects/TorusTunnel"]
transform = Transform( 1, 0, 0, 0, 1, 0, 0, 0, 1, -10, 5, -15 )
use_collision = true
inner_radius = 2.5
sides = 64
ring_sides = 16

[node name="CSGTorus2" type="CSGTorus" parent="Objects/TorusTunnel"]
transform = Transform( 1, 0, 0, 0, 1, 0, 0, 0, 1, -10, 7, -15 )
use_collision = true
inner_radius = 2.5
sides = 64
ring_sides = 16

[node name="CSGTorus3" type="CSGTorus" parent="Objects/TorusTunnel"]
transform = Transform( 0.866025, 0.5, 0, -0.5, 0.866025, 0, 0, 0, 1, -9, 10, -15 )
use_collision = true
inner_radius = 2.5
sides = 64
ring_sides = 16

[node name="CSGTorus4" type="CSGTorus" parent="Objects/TorusTunnel"]
transform = Transform( 0.5, 0.866025, 0, -0.866025, 0.5, 0, 0, 0, 1, -7, 12, -15 )
use_collision = true
inner_radius = 2.5
sides = 64
ring_sides = 16

[node name="CSGTorus5" type="CSGTorus" parent="Objects/TorusTunnel"]
transform = Transform( -4.37114e-08, 1, 0, -1, -4.37114e-08, 0, 0, 0, 1, -4, 13, -15 )
use_collision = true
inner_radius = 2.5
sides = 64
ring_sides = 16

[node name="CSGTorus6" type="CSGTorus" parent="Objects/TorusTunnel"]
transform = Transform( -4.37114e-08, 1, 0, -1, -4.37114e-08, 0, 0, 0, 1, 0, 13, -15 )
use_collision = true
inner_radius = 2.5
sides = 64
ring_sides = 16

[node name="CSGTorus7" type="CSGTorus" parent="Objects/TorusTunnel"]
transform = Transform( -4.37114e-08, 1, 0, -1, -4.37114e-08, 0, 0, 0, 1, 4, 13, -15 )
use_collision = true
inner_radius = 2.5
sides = 64
ring_sides = 16

[node name="CSGTorus8" type="CSGTorus" parent="Objects/TorusTunnel"]
transform = Transform( -3.78552e-08, 0.866025, 0.5, -1, -4.37114e-08, 0, 2.18557e-08, -0.5, 0.866025, 7, 13, -16 )
use_collision = true
inner_radius = 2.5
sides = 64
ring_sides = 16

[node name="CSGTorus9" type="CSGTorus" parent="Objects/TorusTunnel"]
transform = Transform( -2.18557e-08, 0.5, 0.866025, -1, -4.37114e-08, 0, 3.78552e-08, -0.866025, 0.5, 9, 13, -18 )
use_collision = true
inner_radius = 2.5
sides = 64
ring_sides = 16

[node name="CSGTorus10" type="CSGTorus" parent="Objects/TorusTunnel"]
transform = Transform( 1, 0, 0, 0, -4.37114e-08, 1, 0, -1, -4.37114e-08, 10, 13, -21 )
use_collision = true
inner_radius = 2.5
sides = 64
ring_sides = 16

[node name="CSGTorus11" type="CSGTorus" parent="Objects/TorusTunnel"]
transform = Transform( 1, 0, 0, 0, 0.5, 0.866025, 0, -0.866025, 0.5, 10, 14, -24 )
use_collision = true
inner_radius = 2.5
sides = 64
ring_sides = 16

[node name="CSGTorus12" type="CSGTorus" parent="Objects/TorusTunnel"]
transform = Transform( 1, 0, 0, 0, 0.866025, 0.5, 0, -0.5, 0.866025, 10, 16, -26 )
use_collision = true
inner_radius = 2.5
sides = 64
ring_sides = 16

[node name="CSGTorus13" type="CSGTorus" parent="Objects/TorusTunnel"]
transform = Transform( 1, 0, 0, 0, 1, 0, 0, 0, 1, 10, 19, -27 )
use_collision = true
inner_radius = 2.5
sides = 64
ring_sides = 16

[node name="CSGTorus14" type="CSGTorus" parent="Objects/TorusTunnel"]
transform = Transform( 1, 0, 0, 0, 0.866025, -0.5, 0, 0.5, 0.866025, 10, 22, -26 )
use_collision = true
inner_radius = 2.5
sides = 64
ring_sides = 16

[node name="CSGTorus15" type="CSGTorus" parent="Objects/TorusTunnel"]
transform = Transform( 1, 0, 0, 0, 0.5, -0.866025, 0, 0.866025, 0.5, 10, 24, -24 )
use_collision = true
inner_radius = 2.5
sides = 64
ring_sides = 16

[node name="CSGTorus16" type="CSGTorus" parent="Objects/TorusTunnel"]
transform = Transform( 1, 0, 0, 0, -4.37114e-08, -1, 0, 1, -4.37114e-08, 10, 25, -21 )
use_collision = true
inner_radius = 2.5
sides = 64
ring_sides = 16

[node name="CSGTorus17" type="CSGTorus" parent="Objects/TorusTunnel"]
transform = Transform( 1, 0, 0, 0, -4.37114e-08, -1, 0, 1, -4.37114e-08, 10, 25, -17 )
use_collision = true
inner_radius = 2.5
sides = 64
ring_sides = 16

[node name="CSGTorus18" type="CSGTorus" parent="Objects/TorusTunnel"]
transform = Transform( 1, 0, 0, 0, -4.37114e-08, -1, 0, 1, -4.37114e-08, 10, 25, -13 )
use_collision = true
inner_radius = 2.5
sides = 64
ring_sides = 16

[node name="Course" type="Spatial" parent="Objects"]

[node name="Gate1" parent="Objects/Course" instance=ExtResource( 7 )]
transform = Transform( 1, 0, 0, 0, 1, 0, 0, 0, 1, 42, 0, 0 )

[node name="Gate2" parent="Objects/Course" instance=ExtResource( 7 )]
transform = Transform( 1, 0, 0, 0, 1, 0, 0, 0, 1, 42, 0, -10 )

[node name="Gate3" parent="Objects/Course" instance=ExtResource( 7 )]
transform = Transform( 1, 0, 0, 0, 1, 0, 0, 0, 1, 42, 0, -20 )

[node name="Gate4" parent="Objects/Course" instance=ExtResource( 7 )]
transform = Transform( 1, 0, 0, 0, 1, 0, 0, 0, 1, 42, 0, -30 )

[node name="Gate5" parent="Objects/Course" instance=ExtResource( 7 )]
transform = Transform( 0.866025, 0, 0.5, 0, 1, 0, -0.5, 0, 0.866025, 40, 3, -38 )

[node name="Gate6" parent="Objects/Course" instance=ExtResource( 7 )]
transform = Transform( 0.5, 0.224144, 0.836516, 0, 0.965926, -0.258819, -0.866025, 0.12941, 0.482963, 30, 8, -45 )

[node name="Gate7" parent="Objects/Course" instance=ExtResource( 7 )]
transform = Transform( -4.37114e-08, 0.5, 0.866025, 0, 0.866025, -0.5, -1, -2.18557e-08, -3.78552e-08, 20, 15, -50 )

[node name="Gate8" parent="Objects/Course" instance=ExtResource( 7 )]
transform = Transform( -4.37114e-08, 0.5, 0.866025, 0, 0.866025, -0.5, -1, -2.18557e-08, -3.78552e-08, 10, 25, -50 )

[node name="Gate9" parent="Objects/Course" instance=ExtResource( 7 )]
transform = Transform( -0.707107, 0.353553, 0.612372, 0, 0.866025, -0.5, -0.707107, -0.353553, -0.612372, -5, 35, -40 )

[node name="Gate10" parent="Objects/Course" instance=ExtResource( 7 )]
transform = Transform( -1, 0, -8.74228e-08, 0, 1, 0, 8.74228e-08, 0, -1, -15, 45, -20 )

[node name="Gate11" parent="Objects/Course" instance=ExtResource( 7 )]
transform = Transform( -1, 0, -8.74228e-08, 0, 1, 0, 8.74228e-08, 0, -1, -15, 45, 0 )

[node name="Gate12" parent="Objects/Course" instance=ExtResource( 7 )]
transform = Transform( -0.707107, 0, -0.707107, 0, 1, 0, 0.707107, 0, -0.707107, -10, 45, 10 )

[node name="Gate13" parent="Objects/Course" instance=ExtResource( 7 )]
transform = Transform( -4.37114e-08, 0, -1, 0, 1, 0, 1, 0, -4.37114e-08, 0, 45, 15 )

[node name="Gate14" parent="Objects/Course" instance=ExtResource( 7 )]
transform = Transform( 0.707107, 0, -0.707107, 0, 1, 0, 0.707107, 0, 0.707107, 10, 45, 10 )

[node name="Gate15" parent="Objects/Course" instance=ExtResource( 7 )]
transform = Transform( 0.707107, 0.5, -0.5, 0, 0.707107, 0.707107, 0.707107, -0.5, 0.5, 25, 35, -5 )

[node name="Gate16" parent="Objects/Course" instance=ExtResource( 7 )]
transform = Transform( 0.707107, 0.5, -0.5, 0, 0.707107, 0.707107, 0.707107, -0.5, 0.5, 40, 20, -20 )

[node name="Gate17" parent="Objects/Course" instance=ExtResource( 7 )]
transform = Transform( -4.37114e-08, 0, -1, 0, 1, 0, 1, 0, -4.37114e-08, 55, 10, -30 )

[node name="Gate18" parent="Objects/Course" instance=ExtResource( 7 )]
transform = Transform( -0.707107, 0, -0.707107, 0, 1, 0, 0.707107, 0, -0.707107, 70, 5, -20 )

[node name="Gate19" parent="Objects/Course" instance=ExtResource( 7 )]
transform = Transform( -1, 0, -8.74228e-08, 0, 1, 0, 8.74228e-08, 0, -1, 90, 5, 20 )

[node name="Gate20" parent="Objects/Course" instance=ExtResource( 7 )]
transform = Transform( -1, 0, -8.74228e-08, 0, 1, 0, 8.74228e-08, 0, -1, 90, 5, 40 )

[node name="Gate21" parent="Objects/Course" instance=ExtResource( 7 )]
transform = Transform( -1, 0, -8.74228e-08, 0, 1, 0, 8.74228e-08, 0, -1, 90, 5, 60 )

[node name="Gate22" parent="Objects/Course" instance=ExtResource( 7 )]
transform = Transform( -0.707107, 0, 0.707107, 0, 1, 0, -0.707107, 0, -0.707107, 80, 5, 80 )

[node name="Gate23" parent="Objects/Course" instance=ExtResource( 7 )]
transform = Transform( -4.37114e-08, 0, 1, 0, 1, 0, -1, 0, -4.37114e-08, 65, 5, 85 )

[node name="Gate24" parent="Objects/Course" instance=ExtResource( 7 )]
transform = Transform( 0.707107, 0, 0.707107, 0, 1, 0, -0.707107, 0, 0.707107, 50, 5, 80 )

[node name="Gate25" parent="Objects/Course" instance=ExtResource( 7 )]
transform = Transform( 1, 0, 0, 0, 1, 0, 0, 0, 1, 42, 5, 60 )

[node name="DebugGeometry" type="ImmediateGeometry" parent="."]
script = ExtResource( 2 )

[node name="HUD" parent="." instance=ExtResource( 1 )]

[node name="RadioController" type="Node" parent="."]
script = ExtResource( 5 )
target_path = NodePath("../Drone")
