[gd_scene load_steps=8 format=2]

[ext_resource path="res://Propeller.gd" type="Script" id=1]

[sub_resource type="CylinderShape" id=1]
radius = 0.05
height = 0.01

[sub_resource type="SpatialMaterial" id=2]
albedo_color = Color( 0.0784314, 0.0784314, 0.0784314, 1 )

[sub_resource type="CylinderMesh" id=3]
material = SubResource( 2 )
top_radius = 0.05
bottom_radius = 0.05
height = 0.01

[sub_resource type="BoxShape" id=4]
extents = Vector3( 0.075, 0.005, 0.01 )

[sub_resource type="SpatialMaterial" id=5]
albedo_color = Color( 0.0784314, 0.0784314, 0.0784314, 1 )

[sub_resource type="CubeMesh" id=6]
material = SubResource( 5 )
size = Vector3( 0.15, 0.01, 0.02 )

[node name="Propeller" type="KinematicBody"]
script = ExtResource( 1 )

[node name="RayCast" type="RayCast" parent="."]
enabled = true

[node name="HubCollision" type="CollisionShape" parent="."]
shape = SubResource( 1 )

[node name="HubMesh" type="MeshInstance" parent="."]
mesh = SubResource( 3 )
material/0 = null

[node name="PropBlade1" type="KinematicBody" parent="."]
transform = Transform( 1, 0, 0, 0, 0.866025, 0.5, 0, -0.5, 0.866025, 0, 0, 0 )

[node name="PropBladeCollision" type="CollisionShape" parent="PropBlade1"]
transform = Transform( 1, 0, 0, 0, 1, 0, 0, 0, 1, 0.125, 0, 0 )
shape = SubResource( 4 )

[node name="PropBladeMesh" type="MeshInstance" parent="PropBlade1"]
transform = Transform( 1, 0, 0, 0, 1, 0, 0, 0, 1, 0.125, 0, 0 )
mesh = SubResource( 6 )
material/0 = null

[node name="PropBlade2" type="KinematicBody" parent="."]
transform = Transform( -4.37114e-08, -0.5, 0.866025, 0, 0.866025, 0.5, -1, 2.18557e-08, -3.78552e-08, 0, 0, 0 )

[node name="PropBladeCollision" type="CollisionShape" parent="PropBlade2"]
transform = Transform( 1, 0, 0, 0, 1, 0, 0, 0, 1, 0.125, 0, 0 )
shape = SubResource( 4 )

[node name="PropBladeMesh" type="MeshInstance" parent="PropBlade2"]
transform = Transform( 1, 0, 0, 0, 1, 0, 0, 0, 1, 0.125, 0, 0 )
mesh = SubResource( 6 )
material/0 = null

[node name="PropBlade3" type="KinematicBody" parent="."]
transform = Transform( -1, 4.37114e-08, -7.57103e-08, 0, 0.866025, 0.5, 8.74228e-08, 0.5, -0.866025, 0, 0, 0 )

[node name="PropBladeCollision" type="CollisionShape" parent="PropBlade3"]
transform = Transform( 1, 0, 0, 0, 1, 0, 0, 0, 1, 0.125, 0, 0 )
shape = SubResource( 4 )

[node name="PropBladeMesh" type="MeshInstance" parent="PropBlade3"]
transform = Transform( 1, 0, 0, 0, 1, 0, 0, 0, 1, 0.125, 0, 0 )
mesh = SubResource( 6 )
material/0 = null

[node name="PropBlade4" type="KinematicBody" parent="."]
transform = Transform( -4.37114e-08, 0.5, -0.866025, 0, 0.866025, 0.5, 1, 2.18557e-08, -3.78552e-08, 0, 0, 0 )

[node name="PropBladeCollision" type="CollisionShape" parent="PropBlade4"]
transform = Transform( 1, 0, 0, 0, 1, 0, 0, 0, 1, 0.125, 0, 0 )
shape = SubResource( 4 )

[node name="PropBladeMesh" type="MeshInstance" parent="PropBlade4"]
transform = Transform( 1, 0, 0, 0, 1, 0, 0, 0, 1, 0.125, 0, 0 )
mesh = SubResource( 6 )
material/0 = null
